1000 0.000013 0.000001
1500 0.000018 0.000000
2000 0.000025 0.000000
2500 0.000031 0.000000
3000 0.000036 0.000000
3500 0.000042 0.000000
4000 0.000048 0.000000
4500 0.000081 0.000001
5000 0.000079 0.000000
5500 0.000067 0.000001
6000 0.000073 0.000000
6500 0.000079 0.000000
7000 0.000085 0.000001
7500 0.000092 0.000000
8000 0.000097 0.000001
8500 0.000104 0.000000
9000 0.000109 0.000000
9500 0.000115 0.000001
10000 0.000159 0.000000
10500 0.000127 0.000000
11000 0.000134 0.000000
11500 0.000178 0.000000
12000 0.000146 0.000000
12500 0.000152 0.000000
13000 0.000159 0.000001
13500 0.000164 0.000000
14000 0.000170 0.000000
14500 0.000176 0.000001
15000 0.000183 0.000000
15500 0.000188 0.000001
16000 0.000237 0.000001
16500 0.000201 0.000000
17000 0.000206 0.000000
17500 0.000212 0.000001
18000 0.000219 0.000000
18500 0.000225 0.000001
19000 0.000231 0.000001
19500 0.000237 0.000001
20000 0.000243 0.000001
20500 0.000249 0.000000
21000 0.000255 0.000001
21500 0.000261 0.000001
22000 0.000267 0.000001
22500 0.000274 0.000001
23000 0.000280 0.000000
23500 0.000285 0.000001
24000 0.000292 0.000000
24500 0.000297 0.000000
25000 0.000303 0.000001
25500 0.000338 0.000001
26000 0.000316 0.000000
26500 0.000322 0.000001
27000 0.000349 0.000000
27500 0.000335 0.000001
28000 0.000340 0.000000
28500 0.000347 0.000001
29000 0.000352 0.000001
29500 0.000358 0.000000
30000 0.000365 0.000001
30500 0.000405 0.000001
31000 0.000376 0.000001
31500 0.000383 0.000000
32000 0.000388 0.000001
32500 0.000395 0.000001
33000 0.000401 0.000001
33500 0.000406 0.000001
34000 0.000415 0.000000
34500 0.000418 0.000001
35000 0.000425 0.000001
35500 0.000431 0.000000
36000 0.000437 0.000001
36500 0.000443 0.000001
37000 0.000449 0.000000
37500 0.000455 0.000000
38000 0.000461 0.000000
38500 0.000468 0.000001
39000 0.000473 0.000000
39500 0.000480 0.000001
40000 0.000485 0.000001
40500 0.000492 0.000000
41000 0.000497 0.000000
41500 0.000533 0.000000
42000 0.000510 0.000000
42500 0.000517 0.000000
43000 0.000522 0.000001
43500 0.000528 0.000001
44000 0.000534 0.000001
44500 0.000540 0.000001
45000 0.000546 0.000001
45500 0.000552 0.000000
46000 0.000559 0.000001
46500 0.000564 0.000000
47000 0.000599 0.000000
47500 0.000577 0.000000
48000 0.000607 0.000001
48500 0.000594 0.000001
49000 0.000595 0.000001
49500 0.000601 0.000001
