1000 0.000018 0.000001
1100 0.000020 0.000001
1200 0.000022 0.000001
1300 0.000023 0.000001
1400 0.000025 0.000001
1500 0.000027 0.000002
1600 0.000028 0.000001
1700 0.000031 0.000001
1800 0.000032 0.000001
1900 0.000033 0.000001
2000 0.000036 0.000001
2100 0.000037 0.000001
2200 0.000039 0.000001
2300 0.000041 0.000001
2400 0.000042 0.000001
2500 0.000045 0.000001
2600 0.000046 0.000001
2700 0.000047 0.000001
2800 0.000050 0.000002
2900 0.000051 0.000001
3000 0.000053 0.000001
3100 0.000055 0.000001
3200 0.000056 0.000001
3300 0.000058 0.000001
3400 0.000060 0.000001
3500 0.000062 0.000001
3600 0.000063 0.000001
3700 0.000065 0.000001
3800 0.000067 0.000001
3900 0.000069 0.000001
4000 0.000070 0.000001
4100 0.000072 0.000001
4200 0.000074 0.000001
4300 0.000076 0.000001
4400 0.000077 0.000001
4500 0.000079 0.000001
4600 0.000080 0.000001
4700 0.000083 0.000001
4800 0.000084 0.000001
4900 0.000101 0.000001

